653664 8 10 7 6 4 5 2 9 1 3 
653663 1 10 5 3 6 2 4 7 9 8 
653662 7 5 1 10 2 9 6 4 3 8 
653661 8 3 5 9 1 6 2 4 10 7 
653660 8 3 1 4 10 2 7 5 9 6 
653659 6 5 2 1 7 3 8 10 4 9 
653658 4 1 7 2 3 5 6 8 9 10 
653657 3 2 8 5 4 7 6 10 9 1 
653656 10 5 9 4 3 1 7 2 6 8 
653655 6 1 5 4 8 7 3 10 2 9 
653654 1 8 2 6 10 4 3 5 7 9 
653653 6 8 5 1 2 9 3 4 7 10 
653652 5 3 1 10 4 9 7 2 8 6 
653651 9 7 8 1 3 2 6 10 5 4 
653650 3 8 1 2 6 9 4 10 5 7 
653649 8 2 5 3 9 10 1 7 6 4 
653648 4 9 10 2 8 7 6 5 3 1 
653647 7 10 6 5 1 4 2 8 3 9 
653646 3 7 9 1 8 5 10 2 6 4 
653645 9 3 6 8 2 4 7 1 10 5 
653644 9 1 7 4 8 3 5 6 10 2 
653643 5 9 2 4 6 1 10 7 3 8 
653642 7 4 2 9 5 1 6 10 3 8 
653641 7 6 1 2 8 10 3 5 4 9 
653640 1 2 5 8 3 10 4 6 7 9 
653639 4 8 3 9 2 6 10 7 1 5 
653638 5 3 2 9 10 7 4 8 6 1 
653637 9 4 2 7 6 8 10 1 3 5 
653636 3 8 9 5 1 7 6 4 2 10 
653635 4 10 1 9 3 7 2 8 5 6 
